ISS (ZARYA)             
1 25544U 98067A   15269.94241877  .00005768  00000-0  94169-4 0  9994
2 25544  51.6459 296.0663 0005307 325.3476 107.7064 15.54165765963872
TIANGONG 1              
1 37820U 11053A   15269.72495600  .00021283  00000-0  21272-3 0  9999
2 37820  42.7663  27.4666 0014379   2.0270 142.2882 15.65042323229210
SPINSAT                 
1 40314U 98067FL  15269.49907340  .00016259  00000-0  17471-3 0  9997
2 40314  51.6399 290.2307 0005737 112.0903 248.0702 15.63909165 98508
FLOCK 1B-27             
1 40422U 98067FN  15269.45995081  .00280907  41787-4  72750-3 0  9997
2 40422  51.6312 272.2073 0010168  85.7646  36.3934 15.94508247 42107
FLOCK 1B-21             
1 40427U 98067FQ  15269.83261839  .00273002  39922-4  72334-3 0  9995
2 40427  51.6258 270.3149 0005660  80.6703 341.2716 15.94155665 42190
FLOCK 1B-22             
1 40428U 98067FR  15269.86227266  .00799185  32164-3  12825-2 0  9998
2 40428  51.6261 270.4810 0007641  48.4062  23.2138 16.02948163 42190
FLOCK 1D-1              
1 40451U 98067FU  15269.84494433  .00367340  67498-4  74326-3 0  9992
2 40451  51.6275 269.6030 0008193  77.1526 349.2217 15.98973182 42183
FLOCK 1D-2              
1 40452U 98067FV  15269.53880203  .00066263  00000-0  43970-3 0  9996
2 40452  51.6402 283.4036 0006541 108.0244  29.6819 15.74825078 41979
FLOCK 1B-6              
1 40454U 98067FX  15269.86126287  .00285757  42209-4  80637-3 0  9992
2 40454  51.6311 272.7965 0007488  80.4521 344.0757 15.92934090 42133
GEARRS-1                
1 40456U 98067FZ  15269.41814346  .00143825  00000-0  57078-3 0  9996
2 40456  51.6380 277.6171 0007970  73.3159 286.8720 15.85720511 42044
FLOCK 1B-12             
1 40460U 98067GD  15269.72785140  .02266994  54065-2  23068-2 0  9992
2 40460  51.6357 274.3028 0005361  92.3705 267.7302 16.11489783 42124
PROGRESS-M 28M          
1 40713U 15031A   15268.21313216  .00005785  00000-0  94507-4 0  9990
2 40713  51.6463 304.6860 0005196 319.3549 152.0018 15.54144244 13087
FLOCK 1E-2              
1 40722U 98067GE  15269.54812459  .00026049  00000-0  31579-3 0  9995
2 40722  51.6436 296.3091 0003075 133.3834   0.1579 15.60448472 11647
FLOCK 1E-1              
1 40723U 98067GF  15269.56415023  .00025793  00000-0  32224-3 0  9997
2 40723  51.6436 296.4117 0003415 167.1728 327.6820 15.59660390 11596
FLOCK 1E-4              
1 40724U 98067GG  15269.51614576  .00024812  00000-0  31311-3 0  9994
2 40724  51.6457 296.8080 0004406  83.8866  67.3058 15.59415236 11588
FLOCK 1E-3              
1 40725U 98067GH  15269.53091366  .00029165  00000-0  34694-3 0  9996
2 40725  51.6437 296.2096 0006469  69.5768  53.7469 15.60861764 11567
FLOCK 1E-7              
1 40726U 98067GJ  15269.57329762  .00020848  00000-0  26246-3 0  9998
2 40726  51.6424 296.4740 0003151 171.7202 324.8711 15.59597753 11447
FLOCK 1E-8              
1 40727U 98067GK  15269.37586769  .00020414  00000-0  25732-3 0  9997
2 40727  51.6435 297.4805 0002188 154.3872 303.7304 15.59580942 11404
FLOCK 1E-5              
1 40728U 98067GL  15269.37146089  .00027660  00000-0  34463-3 0  9996
2 40728  51.6430 297.4542 0004305 136.5716 320.6611 15.59687988 11418
FLOCK 1E-6              
1 40729U 98067GM  15269.56708968  .00020840  00000-0  25927-3 0  9996
2 40729  51.6436 296.4258 0004058 124.8618  12.6644 15.59908801 11452
FLOCK 1E-9              
1 40736U 98067GN  15269.57985853  .00019657  00000-0  25140-3 0  9996
2 40736  51.6460 296.5790 0000871 168.8594 299.8356 15.59224633 11429
FLOCK 1E-10             
1 40737U 98067GP  15269.58325230  .00025550  00000-0  32224-3 0  9995
2 40737  51.6453 296.5297 0001459 127.2544  11.2403 15.59419409 11438
FLOCK 1E-11             
1 40738U 98067GQ  15269.53951983  .00023305  00000-0  27710-3 0  9991
2 40738  51.6414 296.1927 0004473 105.2841  56.2152 15.61020560 11256
FLOCK 1E-12             
1 40739U 98067GR  15269.51718744  .00020057  00000-0  25469-3 0  9996
2 40739  51.6440 296.8146 0004527 129.2951  21.2508 15.59393391 11253
FLOCK 1E-13             
1 40740U 98067GS  15269.51196156  .00021914  00000-0  27460-3 0  9991
2 40740  51.6448 296.7836 0001849 173.6209 337.9978 15.59689272 11233
FLOCK 1E-14             
1 40741U 98067GT  15269.51031750  .00021635  00000-0  27023-3 0  9995
2 40741  51.6442 296.7732 0001753 154.0753 357.2694 15.59782281 11227
ARKYD-3R                
1 40742U 98067GU  15269.55414866  .00073414  00000-0  76701-3 0  9992
2 40742  51.6450 295.6017 0003020  21.7732 111.5349 15.63803454 11248
CENTENNIAL 1            
1 40743U 98067GV  15269.59283797  .00050690  00000-0  57018-3 0  9995
2 40743  51.6449 295.8440 0001510  20.1492 122.4764 15.62069574 11245
SOYUZ-TMA 17M           
1 40744U 15035A   15268.21313216  .00005785  00000-0  94507-4 0  9998
2 40744  51.6463 304.6860 0005196 319.3549 152.0018 15.54144244 10011
HTV-5 (KOUNOTORI 5)     
1 40873U 15038A   15268.21313216  .00005785  00000-0  94507-4 0  9994
2 40873  51.6463 304.6860 0005196 319.3549 152.0018 15.54144244  5726
SOYUZ-TMA 18M           
1 40885U 15043A   15268.21313216  .00005785  00000-0  94507-4 0  9993
2 40885  51.6463 304.6860 0005196 319.3549 152.0018 15.54144244  3592
SERPENS                 
1 40897U 98067GX  15269.53773286  .00037218  00000-0  53957-3 0  9995
2 40897  51.6464 298.0185 0008537 342.6507  17.4202 15.55441570  1294
S-CUBE                  
1 40898U 98067GY  15268.96073225  .00020141  00000-0  30034-3 0  9996
2 40898  51.6453 300.9125 0008528 323.8770  36.1693 15.55029871  1202
